0, 4, 2170, 1173, 1969, 1101, 2659, 808, 3487, 1024, 600, 2303, 77

256 Byte pro Seite, 32 virtuelle Seiten, 4 Rahmen.

a)
Virtueller Speicher = 32 Seiten * 256 Bytes/Seite = 8192 Bytes
Physischer Speicher = 4 Seiten * 256 Bytes/Seite = 1024 Bytes

b)
256 Bytes pro Seite, Byteweise adressierbar. 32 virtuelle Seiten. 
vvvvv bbbbbbbb
|---------+----------------+-------+--------|
| Adresse | Binär          | Seite | Offset |
|---------+----------------+-------+--------|
| 0       | 00000 00000000 | 0     | 0      |
| 4       | 00000 00000100 | 0     | 4      |
| 2170    | 01000 01111010 | 8     | 122    |
| 1173    | 00100 10010101 | 4     | 149    |
| 1969    | 00111 10110001 | 7     | 177    |
| 1101    | 00100 01001101 | 4     | 77     |
| 2659    | 01010 01100011 | 10    | 99     |
| 808     | 00011 00101000 | 3     | 40     |
| 3487    | 01101 10011111 | 13    | 159    |
| 1024    | 00100 00000000 | 4     | 0      |
| 600     | 00010 01011000 | 2     | 88     |
| 2303    | 01000 11111111 | 8     | 255    |
| 77      | 00000 01001101 | 0     | 77     |
|---------+----------------+-------+--------|


c)
|----------+------+------+------+------+------+------+------+------+------+------+------+------+------|
| Zugriff: | 0    | 4    | 2170 | 1173 | 1969 | 1101 | 2659 | 808  | 3487 | 1024 | 600  | 2303 | 77   |
| Seite:   | 0    | 0    | 8    | 4    | 7    | 4    | 10   | 3    | 13   | 4    | 2    | 8    | 0    |
|----------+------+------+------+------+------+------+------+------+------+------+------+------+------|
| Rahmen 3 | -    | -    | -    |  -   | 7m   | 7    | 7    | 7    | 7    | 4m   | 4    | 4    | 4    |
| Rahmen 2 | -    | -    | -    |  4m  | 4    | 4h   | 4    | 4    | 13m  | 13   | 13   | 13   | 0m   |
| Rahmen 1 | -    | -    | 8m   |  8   | 8    | 8    | 8    | 3m   | 3    | 3    | 3    | 8m   | 8    |
| Rahmen 0 | 0m   | 0h   | 0    |  0   | 0    | 0    | 10m  | 10   | 10   | 10   | 2m   | 2    | 2    |
|----------+------+------+------+------+------+------+------+------+------+------+------+------+------|

d)
|----------+---|
| Rahmen 3 | 3 |
| Rahmen 2 | 7 |
| Rahmen 1 | 4 |
| Rahmen 0 | 8 |
|----------+---|

|---------+----------------+-------+--------+-------------------|
| Adresse | Binär          | Seite | Offset | Physische Adresse |
|---------+----------------+-------+--------+-------------------|
| 0       | 00000 00000000 | 0     | 0      | 
| 4       | 00000 00000100 | 0     | 4      |
| 2170    | 01000 01111010 | 8     | 122    |
| 1173    | 00100 10010101 | 4     | 149    |
| 1969    | 00111 10110001 | 7     | 177    |
| 1101    | 00100 01001101 | 4     | 77     |
| 2659    | 01010 01100011 | 10    | 99     |
| 808     | 00011 00101000 | 3     | 40     |
| 3487    | 01101 10011111 | 13    | 159    |
| 1024    | 00100 00000000 | 4     | 0      |
| 600     | 00010 01011000 | 2     | 88     |
| 2303    | 01000 11111111 | 8     | 255    |
| 77      | 00000 01001101 | 0     | 77     |
|---------+----------------+-------+--------|
